108
19
58
249
285
106
265
134
83
13
122
26
38
292
113
183
218
171
207
28
175
199
68
245
228
281
104
247
112
176
81
121
153
135
75
124
111
63
53
198
82
52
90
31
250
43
217
41
92
236
266
278
16
6
252
241
268
18
167
187
76
226
148
2
284
34
275
129
179
206
289
170
93
238
287
62
163
84
201
195
51
24
144
237
200
196
131
55
46
188
193
36
182
269
232
151
267
231
73
21
96
23
189
181
255
177
107
59
210
138
279
140
120
128
100
156
57
37
169
10
61
141
300
60
286
224
213
95
42
114
14
186
115
149
260
254
294
99
4
86
143
234
1
97
20
123
214
161
168
272
174
271
274
56
257
117
65
109
70
91
32
221
194
72
215
190
17
180
7
89
208
130
54
155
166
157
80
263
264
147
49
202
126
146
280
299
282
33
158
248
227
119
45
12
243
48
298
253
256
64
162
88
173
78
295
77
35
276
3
223
9
103
25
211
205
30
159
242
296
22
69
262
225
44
209
258
136
283
67
101
142
191
160
184
290
235
288
229
230
127
87
222
132
50
71
240
98
244
297
5
239
233
291
145
66
212
40
277
172
116
39
154
220
94
118
197
203
85
11
219
47
204
105
270
133
185
150
216
165
152
139
125
102
261
27
178
192
164
15
246
137
251
8
110
293
273
29
74
79
259